m/z	I	
501.0580	134	
501.5608	126	
503.5494	415	
503.7986	310	
504.0519	202	
504.3008	130	
506.5771	1017	
507.0779	569	
507.5757	162	
508.0540	175	
511.5586	223	
512.0469	117	
514.0423	204	
515.0274	250	
517.5146	158	
519.5455	11988	
520.0467	5188	
520.5453	2870	
521.0463	1112	
521.5461	271	
523.5347	101	
526.0625	205	
526.5222	139	
527.0692	266	
527.2700	219	
527.4696	154	
528.5503	147	
529.3104	127	
529.5572	142	
531.5439	172	
532.0478	105	
532.5409	128	
533.0404	113	
535.0463	143	
536.0342	337	
537.0351	115	
537.5514	146	
538.0514	350	
540.0109	127	
540.4055	108	
540.6601	123	
540.7385	105	
540.8614	179	
541.0628	124	
542.5703	152	
543.0688	102	
544.0527	103	
545.1195	110	
546.1060	172	
546.4092	669	
546.7427	456	
547.0851	447	
548.0926	137	
549.7333	161	
550.0676	228	
550.1066	141	
551.9975	308	
553.5206	105	
554.0493	308	
554.5576	124	
554.7368	219	
555.0647	168	
556.0664	161	
559.7405	144	
560.0738	132	
563.0621	115	
563.1310	212	
563.7255	118	
564.0674	108	
565.1016	189	
569.0625	283	
569.3947	209	
570.0083	167	
570.1160	686	
570.3889	124	
571.1189	180	
572.1323	132	
576.3272	1402	
576.5777	1288	
576.8284	797	
577.0794	416	
577.3259	103	
577.5627	102	
580.3918	114	
581.1527	399	
581.5397	153	
582.0428	120	
582.0807	145	
582.3269	130	
582.5782	150	
585.1131	514	
586.1118	523	
587.1130	138	
588.0198	449	
588.1262	1131	
589.1293	265	
589.5775	114	
590.4172	205	
591.0802	109	
593.3160	550	
593.5675	663	
593.8176	390	
594.0691	186	
594.3186	116	
595.2797	223	
595.4810	305	
595.6822	200	
595.8831	162	
597.1291	1153	
598.1320	353	
598.6121	120	
598.8844	348	
599.0839	435	
599.1617	290	
599.2839	277	
599.4840	119	
602.0650	190	
603.1240	795	
604.1227	937	
604.4802	128	
604.6805	145	
604.8813	107	
605.0735	169	
605.1248	224	
606.0812	305	
606.9166	107	
607.0795	316	
609.0461	180	
609.1342	473	
609.9188	202	
610.0854	292	
610.1375	171	
610.2535	341	
610.4185	216	
610.5863	180	
611.0714	158	
611.1097	665	
611.6098	326	
612.0739	113	
612.1106	161	
612.4747	578	
612.6753	568	
612.8752	516	
613.0756	391	
613.2769	100	
614.6043	329	
615.0886	672	
615.1400	5388	
615.5914	276	
616.0899	127	
616.1432	1665	
617.1408	521	
618.0964	367	
618.5979	168	
619.0951	116	
620.1143	4152	
620.6161	2146	
621.1144	872	
621.2438	830	
621.4127	975	
621.5788	1019	
621.6163	213	
621.6627	102	
621.7455	757	
621.9134	403	
622.0819	406	
623.0747	226	
623.2771	129	
623.5787	105	
623.7426	113	
624.0780	174	
625.0875	987	
625.3286	101	
625.5068	150	
625.5804	104	
625.6507	234	
625.7953	133	
626.0803	340	
626.5489	263	
626.6092	102	
626.6862	123	
626.7840	206	
626.8869	188	
626.9856	193	
627.0556	719	
627.1318	12352	
627.2862	259	
627.3849	114	
627.5467	125	
627.6042	321	
628.0598	190	
628.1344	3454	
628.5983	127	
629.1318	938	
629.4323	521	
629.5923	256	
629.7660	268	
629.8438	160	
630.0973	364	
630.1314	246	
630.4343	116	
631.0812	108	
632.0716	456	
633.0769	134	
634.0899	136	
634.5945	603	
634.8457	566	
635.0959	466	
635.3456	208	
635.4360	8383	
635.5964	159	
635.7703	6420	
636.1037	3376	
636.4379	1423	
636.5792	205	
636.7715	421	
637.1100	147	
638.5937	225	
639.0978	2817	
639.3491	3053	
639.5994	1975	
639.7614	401	
639.8506	859	
640.0964	602	
640.3532	132	
640.4290	177	
640.7598	101	
641.7544	175	
642.0866	129	
642.5799	314	
643.0938	494	
643.5894	126	
644.0863	237	
644.2970	320	
644.4978	535	
644.6984	333	
644.8982	171	
645.0816	1860	
645.4152	1544	
645.5834	1041	
645.7488	815	
646.0825	1137	
646.3486	109	
646.4149	205	
646.5827	215	
646.6161	157	
647.0809	806	
647.4185	249	
647.7599	168	
648.0595	554	
648.5827	275	
648.7073	163	
648.9569	144	
649.0732	377	
649.5799	125	
650.0826	2715	
651.0893	1278	
651.5902	545	
651.7657	129	
651.8350	131	
651.9322	250	
652.0928	618	
652.5892	114	
653.0883	219	
653.3438	102	
653.4695	274	
653.5958	441	
653.7208	543	
653.8462	470	
653.9701	201	
654.0588	249	
654.0928	797	
654.4165	107	
654.5889	1215	
654.8386	653	
655.0883	1021	
655.3366	320	
655.5899	331	
656.0880	4225	
656.3387	1543	
656.4218	2390	
656.5876	1055	
656.7564	1277	
656.8375	620	
656.8864	129	
657.0893	832	
657.4188	142	
657.5880	418	
657.8880	470	
658.0834	2111	
658.2905	508	
658.4897	314	
658.5831	809	
658.6910	201	
659.0888	2311	
659.2026	375	
659.3399	1464	
659.4245	244	
659.5333	267	
659.5904	1092	
659.6498	162	
659.8400	487	
660.0952	1242	
660.2915	1222	
660.3394	168	
660.4169	439	
660.4916	1609	
660.5984	638	
660.6912	1321	
660.7503	392	
660.8921	853	
661.1013	570	
661.4913	184	
661.5874	348	
661.6930	120	
661.8346	208	
662.0913	1289	
662.4256	903	
662.5925	341	
662.6929	298	
662.7584	402	
662.7926	274	
662.8926	357	
663.0433	644	
663.0908	338	
663.9458	189	
664.0480	192	
664.0847	141	
664.5519	376	
665.0923	3663	
665.2582	3330	
665.3378	528	
665.3775	4404	
665.4277	2767	
665.4632	1279	
665.5207	4510	
665.5920	3127	
665.6642	3581	
665.7176	983	
665.7597	960	
665.8069	2159	
665.8358	736	
665.9502	1061	
666.0782	3313	
666.2417	147	
666.3392	217	
666.4089	227	
666.5871	250	
666.7500	190	
667.0836	1382	
667.4219	212	
667.5892	608	
667.6921	157	
667.7515	172	
667.8408	225	
667.8917	265	
667.9207	101	
668.0923	1721	
668.2934	130	
668.4242	464	
668.5907	203	
668.7588	358	
668.8349	306	
668.9592	770	
669.0876	1107	
669.2090	936	
669.3351	544	
669.4249	114	
669.4602	363	
669.5872	165	
670.0892	258	
670.2810	486	
670.4810	540	
670.6836	517	
670.8838	447	
671.0903	689	
671.5776	615	
671.8285	500	
672.0891	848	
672.3416	808	
672.5929	462	
672.8446	190	
673.0945	163	
673.4259	129	
673.7504	162	
673.8825	120	
674.0888	241	
674.2841	165	
674.4275	396	
674.7610	337	
674.9414	379	
675.0856	975	
675.2284	900	
675.3722	664	
675.5157	507	
675.6588	293	
676.3300	147	
676.4212	183	
676.5782	407	
676.7539	425	
676.8366	113	
676.9216	216	
677.0967	3314	
677.2560	118	
677.5975	663	
678.0982	1017	
678.5945	158	
678.7195	131	
679.0981	284	
679.1266	445	
679.4302	241	
679.5342	296	
679.6461	607	
679.7577	1295	
679.8685	885	
679.9800	735	
680.0921	558	
680.1296	146	
680.2020	318	
680.3168	142	
680.5790	142	
681.0536	1476	
681.3132	726	
681.4233	1836	
681.5348	2897	
681.6452	2752	
681.7578	2320	
681.8682	1813	
681.9792	815	
682.0576	404	
682.0893	658	
682.2016	133	
682.3133	102	
682.5634	290	
683.1000	555	
683.2830	150	
683.4803	188	
683.5383	260	
683.6475	156	
683.6812	139	
683.7562	245	
683.8721	328	
683.9817	728	
684.0912	2164	
684.2036	1620	
684.3143	1618	
684.4259	1245	
684.5372	743	
684.6476	427	
684.7598	336	
685.0334	130	
685.0871	332	
685.5674	322	
686.0691	240	
686.1036	548	
686.6006	509	
687.0461	424	
687.0727	364	
687.3238	172	
687.5842	368	
687.8336	296	
688.0348	113	
688.0841	270	
688.3354	135	
689.0133	217	
689.1022	2392	
689.7657	124	
690.1052	779	
690.2224	136	
690.4333	201	
690.5401	517	
690.6525	815	
690.7636	966	
690.8753	732	
690.9853	422	
691.0992	413	
691.2091	170	
691.5404	107	
691.5753	198	
691.6520	394	
691.7619	740	
691.8252	133	
691.8738	459	
691.9845	598	
692.0943	477	
692.2093	283	
692.3267	120	
693.0739	381	
694.0788	575	
694.2067	123	
694.3175	271	
694.4251	395	
694.5392	228	
694.5771	333	
694.6511	218	
694.7517	145	
695.1042	1683	
695.2239	1333	
695.3501	2456	
695.4184	163	
695.4749	3474	
695.6005	3022	
695.6564	110	
695.7260	2485	
695.8509	1528	
695.9794	828	
696.0989	1743	
696.2095	1590	
696.3180	19249	
696.4293	59787	
696.5407	97315	
696.6520	93748	
696.7633	80660	
696.8746	58386	
696.9858	32150	
697.0473	755	
697.0974	15895	
697.2081	5738	
697.3199	1955	
697.3871	775	
697.4303	981	
697.4676	240	
697.5392	624	
697.6656	270	
697.7173	171	
697.7630	233	
697.8158	280	
697.8835	145	
697.9317	181	
697.9593	136	
698.0007	163	
698.0648	420	
698.1265	114	
698.2058	352	
698.2512	114	
698.3177	417	
698.4277	329	
698.5660	111	
698.7192	175	
698.7634	117	
698.8444	143	
698.9702	241	
699.0981	259	
699.2239	239	
699.3499	145	
699.5313	130	
699.6728	342	
699.8172	268	
699.9599	330	
700.0950	146	
700.4094	170	
700.7450	119	
701.0866	179	
702.0897	141	
703.0930	112	
703.5916	308	
703.8395	355	
704.0931	232	
704.3414	117	
704.4143	119	
704.5907	136	
704.9662	473	
705.0642	5653	
705.2177	993	
705.3420	1079	
705.4671	1138	
705.5930	525	
705.7181	219	
705.8423	134	
705.9662	108	
706.0662	1763	
706.4646	118	
706.5903	321	
706.7159	355	
706.8078	129	
706.8401	475	
706.9622	233	
707.0634	770	
707.1130	933	
707.2366	101	
707.7567	103	
708.0756	389	
708.1136	200	
708.4159	420	
708.5247	135	
708.5796	221	
708.6700	151	
708.7551	277	
708.8123	125	
708.9458	296	
709.0834	325	
709.2775	132	
709.3839	132	
709.4193	106	
709.4365	104	
709.5246	203	
709.6063	439	
709.6680	184	
709.8135	151	
709.9560	139	
710.1009	376	
710.5970	194	
710.9541	131	
711.0968	336	
711.2405	265	
711.3823	255	
711.5296	198	
711.6098	732	
711.6676	103	
711.7773	1152	
711.9440	1182	
712.0385	580	
712.1104	867	
712.2781	415	
712.4454	273	
712.5073	174	
712.6089	122	
712.7085	311	
712.9099	151	
713.0404	159	
713.1030	218	
713.5936	110	
713.9325	108	
716.1097	1336	
716.3110	1878	
716.4301	821	
716.5109	1946	
716.5995	1603	
716.7117	1033	
716.7671	1463	
716.9305	1110	
717.0990	982	
717.2679	415	
717.4340	223	
717.5836	231	
718.0880	298	
718.2322	425	
718.3759	491	
718.5185	393	
718.5976	324	
718.6644	255	
718.7043	159	
718.7630	422	
718.8081	192	
718.9289	379	
719.1006	314	
719.2654	168	
719.3036	102	
719.8966	109	
720.0914	185	
720.5925	116	
720.6630	109	
720.8065	185	
720.9468	238	
721.0936	263	
721.2366	141	
721.3749	131	
721.9359	1085	
722.1030	2097	
722.2699	1819	
722.4369	1421	
722.6009	1016	
722.7224	556	
722.7693	400	
722.8474	495	
722.9698	370	
723.0952	364	
723.2217	194	
723.7579	121	
724.0856	144	
724.3628	237	
724.6128	204	
724.8606	221	
724.9387	248	
725.1040	466	
725.2673	294	
725.3871	363	
725.4401	193	
725.5306	368	
725.6058	230	
725.6755	200	
725.8169	258	
725.9589	159	
726.0957	195	
726.4250	151	
726.5919	211	
726.7577	1578	
726.9254	3145	
727.0493	507	
727.0921	3363	
727.2590	2693	
727.4264	1351	
727.5314	297	
727.5924	865	
727.6744	613	
727.7618	382	
727.8170	738	
727.9597	622	
728.0304	972	
728.1013	520	
728.2476	199	
728.3901	149	
728.5016	1504	
728.7020	2100	
728.8643	2250	
728.9018	1886	
729.0335	240	
729.1121	3027	
729.3036	501	
729.3652	1977	
729.5026	311	
729.6159	1061	
729.7024	578	
729.7585	215	
729.8664	558	
729.9032	919	
730.0486	554	
730.1021	710	
730.2645	142	
730.3015	389	
730.5031	300	
730.7034	166	
730.8180	103	
730.9030	108	
730.9620	195	
731.0496	121	
731.1006	638	
731.2476	267	
731.2982	747	
731.3911	198	
731.4995	620	
731.6993	427	
731.9024	305	
732.0984	241	
732.3016	278	
732.5016	227	
732.7036	118	
732.9035	122	
733.6008	113	
734.4942	138	
735.1151	253	
735.8598	181	
736.1128	1073	
736.3647	175	
736.4472	822	
736.5208	145	
736.6118	127	
736.6675	114	
736.7812	425	
737.1033	473	
737.3022	306	
737.5023	202	
737.9013	111	
738.1010	152	
738.6629	116	
738.8058	103	
738.9499	165	
738.9744	143	
739.0517	327	
739.0947	284	
739.5383	198	
739.6805	129	
739.8258	119	
740.0555	115	
740.5868	235	
740.6803	176	
740.8234	291	
740.9649	289	
741.1082	300	
741.2510	121	
741.3509	444	
741.3942	236	
741.5258	153	
741.6023	554	
741.6710	106	
741.7292	107	
741.8119	147	
741.8540	341	
742.1093	1045	
742.2385	135	
742.2931	1618	
742.3524	124	
742.4511	897	
742.4925	1371	
742.6944	900	
742.7839	519	
742.8943	508	
743.0080	175	
743.1019	270	
743.3477	115	
743.4522	145	
743.5990	132	
743.6942	126	
744.0093	109	
744.1085	407	
744.2509	360	
744.3533	1524	
744.3934	455	
744.5374	225	
744.6032	1952	
744.6819	247	
744.7739	138	
744.8537	1302	
744.9618	124	
745.0614	478	
745.1054	821	
745.3543	380	
745.6042	124	
745.6965	379	
745.8547	235	
745.8959	515	
746.0443	894	
746.0985	685	
746.2953	351	
746.3533	223	
746.4945	191	
746.5391	207	
746.6009	231	
746.6833	499	
746.8238	6630	
746.8855	205	
746.9671	15976	
747.0438	247	
747.1099	18958	
747.2532	14026	
747.3963	10249	
747.4876	182	
747.5395	5997	
747.5969	174	
747.6823	2315	
747.8267	1121	
747.9688	371	
748.0178	110	
748.0557	138	
748.1010	209	
748.5977	128	
748.8536	402	
749.0591	144	
749.1012	602	
749.3557	382	
749.5961	402	
749.9686	110	
750.1132	653	
750.3492	104	
750.4511	481	
750.6009	141	
750.7839	295	
750.8515	138	
750.9681	104	
751.0607	873	
751.3491	457	
751.6001	653	
751.8501	375	
752.0648	230	
752.1024	477	
752.3490	101	
752.3871	115	
752.8489	102	
753.0916	191	
753.1345	307	
753.4462	280	
753.7803	249	
754.1067	189	
754.4398	119	
754.6015	120	
755.1051	235	
755.3507	108	
755.3794	123	
755.5158	118	
755.6017	114	
755.6731	265	
755.7108	159	
755.8187	262	
755.8502	204	
755.9130	108	
755.9587	317	
756.1024	547	
756.2485	140	
756.3871	142	
756.8405	165	
757.0646	348	
757.3476	102	
757.6025	103	
757.6718	103	
757.8139	119	
757.9569	1707	
758.0995	4803	
758.2431	5634	
758.3868	5351	
758.4410	186	
758.5295	3191	
758.6105	187	
758.6726	2131	
758.7660	1289	
758.8157	1066	
758.9821	494	
759.1007	1093	
759.4350	804	
759.7722	404	
759.9920	136	
760.1091	244	
760.2802	163	
760.3835	123	
760.4460	237	
760.7649	317	
760.8152	101	
761.0186	140	
761.1005	386	
761.3430	238	
761.4340	165	
761.5945	383	
761.7699	120	
761.8440	202	
762.0974	304	
762.7688	861	
762.9459	921	
763.1104	1975	
763.2813	1747	
763.4452	1513	
763.6152	833	
763.7797	557	
763.9466	151	
764.0547	132	
764.1115	229	
764.5990	115	
764.7257	138	
764.7664	285	
764.8514	194	
764.9758	264	
765.1024	618	
765.2280	204	
765.4347	190	
765.7696	133	
765.8439	160	
766.1029	268	
766.3479	162	
766.6011	713	
766.7264	1981	
766.7677	573	
766.8516	2692	
766.9772	2575	
767.1027	3119	
767.2280	1764	
767.3532	1052	
767.4389	278	
767.4746	440	
767.6033	281	
767.7739	106	
768.1053	119	
768.7706	428	
768.8994	107	
768.9387	340	
769.0727	787	
769.1016	887	
769.2728	363	
769.4378	434	
769.6050	401	
769.7321	286	
769.7683	130	
769.8539	247	
769.9813	172	
770.0961	198	
770.2314	119	
770.6001	108	
770.6745	101	
770.7688	583	
770.8257	258	
770.9627	190	
771.0079	135	
771.1287	2101	
771.3310	118	
771.4359	545	
771.6299	1302	
771.7689	433	
771.9383	228	
772.1267	603	
772.6311	236	
772.8188	103	
772.9619	223	
773.1063	422	
773.2497	237	
773.3912	196	
773.4384	142	
773.5342	131	
773.6092	185	
773.6795	121	
773.8624	106	
774.1059	301	
774.2702	152	
774.4372	515	
774.6054	367	
774.7707	290	
774.9335	111	
775.1102	355	
775.5310	159	
775.5928	127	
775.6784	151	
775.9618	152	
776.1019	269	
776.2700	182	
776.4366	363	
776.6085	409	
776.6782	113	
776.7711	392	
777.1126	331	
777.6286	114	
778.1080	167	
778.2316	255	
778.3584	464	
778.4837	324	
778.6094	340	
778.7224	634	
778.8587	168	
778.9184	1095	
779.1172	1066	
779.3202	552	
779.5221	279	
779.7197	157	
780.1335	764	
780.3885	121	
780.4376	465	
780.6352	536	
780.6762	104	
780.7698	260	
781.1196	190	
781.6339	126	
781.7741	123	
781.9237	137	
782.1031	207	
782.3200	1721	
782.5205	2638	
782.7212	2452	
782.9218	1653	
783.1214	691	
783.3228	373	
783.4830	476	
783.5244	130	
783.6105	1115	
783.7334	1954	
783.8589	1989	
783.9844	1442	
784.1106	1421	
784.2349	730	
784.3597	459	
784.4860	185	
784.7675	111	
785.1141	207	
785.3171	150	
785.4224	172	
785.5152	146	
785.6155	770	
785.7574	227	
785.9172	114	
786.1210	485	
786.2571	191	
786.4014	112	
786.4354	110	
786.5382	137	
786.6284	208	
787.1162	128	
787.4219	265	
787.7762	319	
788.1110	457	
788.3128	101	
788.4467	258	
788.6109	104	
788.7797	151	
788.8497	122	
789.1083	247	
789.5402	129	
789.6106	121	
789.7802	163	
790.1117	489	
790.2791	330	
790.4461	428	
790.6128	281	
790.7804	210	
790.9457	173	
791.1168	175	
791.6235	116	
791.9713	124	
792.1119	2459	
792.2557	6301	
792.3086	185	
792.3993	7475	
792.5419	6392	
792.6280	1053	
792.6853	5224	
792.8285	2978	
792.9095	372	
792.9716	1370	
793.1213	1010	
793.2586	258	
793.3103	164	
793.4216	136	
793.6307	310	
794.1271	270	
794.6215	207	
794.7089	181	
794.8277	189	
794.9124	383	
794.9685	232	
795.1147	588	
795.3123	219	
795.5121	101	
795.6196	113	
796.1103	402	
796.2500	351	
796.3116	175	
796.3966	438	
796.5369	442	
796.5999	169	
796.6804	270	
796.7464	106	
796.8234	204	
797.1010	266	
797.5053	193	
797.6276	274	
797.7064	377	
797.9062	318	
798.1158	177	
798.3117	296	
798.5135	219	
798.7142	271	
798.9132	191	
799.1276	105	
799.1366	160	
800.1323	312	
800.5047	106	
800.6344	176	
800.7033	193	
800.7579	155	
800.9061	147	
801.1194	1037	
801.3078	248	
801.3707	1232	
801.4394	163	
801.5084	163	
801.6214	868	
801.7765	178	
801.8726	479	
802.1187	274	
802.3726	100	
802.6063	135	
803.0975	110	
803.2659	110	
803.4349	156	
803.6033	193	
805.1085	2076	
805.6153	1758	
805.8739	1735	
806.1175	1310	
806.2761	185	
806.3755	694	
806.4450	178	
806.6196	541	
806.7691	143	
806.8739	174	
807.1162	171	
807.4463	259	
807.6350	123	
807.7786	211	
808.1162	219	
808.4380	189	
808.6199	122	
808.7705	145	
809.1068	259	
809.4516	239	
809.7855	121	
810.1168	161	
810.8681	131	
811.1131	488	
811.2826	140	
811.4485	269	
811.6099	436	
811.7818	181	
812.1087	232	
812.6040	100	
813.1061	129	
813.2851	1294	
813.4515	2730	
813.6191	2595	
813.7859	2497	
813.9536	1340	
814.1194	973	
814.2884	354	
814.3707	183	
814.4510	203	
814.6169	302	
814.8747	611	
815.1221	861	
815.3751	487	
815.4544	119	
815.6223	225	
815.7855	119	
815.8765	102	
816.1024	508	
816.4536	142	
816.5978	571	
816.7861	102	
817.1021	353	
817.1488	321	
817.6052	179	
818.1108	219	
818.1514	106	
818.3597	177	
818.6131	187	
818.8668	131	
819.1162	215	
820.1175	187	
820.6081	237	
821.1102	288	
821.3641	248	
821.6100	336	
821.7761	251	
821.8641	120	
821.9415	179	
822.1089	329	
822.6076	289	
822.8642	185	
823.1102	223	
823.3633	191	
823.6056	582	
824.1131	488	
824.3654	252	
824.4372	115	
824.6094	853	
824.7783	1135	
824.8646	102	
824.9454	1009	
825.1090	1683	
825.2796	604	
825.4460	349	
825.6071	939	
825.6506	203	
825.7806	101	
825.8293	129	
825.8662	316	
825.9646	321	
826.1108	862	
826.2532	355	
826.3944	324	
826.5381	134	
826.6099	303	
826.7835	186	
826.9488	180	
827.1118	991	
827.6149	129	
827.9452	139	
828.1163	466	
828.6100	403	
829.1094	396	
829.6102	207	
829.8602	116	
830.1091	485	
830.3620	851	
830.4386	170	
830.6131	1002	
830.8636	720	
831.1130	937	
831.3644	193	
831.6071	455	
832.1042	174	
832.4628	150	
832.6072	241	
833.1096	913	
833.6037	129	
834.1115	446	
834.3110	164	
834.3609	332	
834.5087	150	
834.6111	528	
834.8619	400	
835.1140	382	
835.3651	147	
836.5859	166	
837.1196	435	
837.6157	681	
838.1166	470	
838.6133	254	
839.1145	289	
839.4310	124	
839.7654	131	
840.1136	300	
840.6181	148	
841.1158	126	
841.8318	129	
841.9716	165	
842.1170	242	
842.2617	196	
842.4024	149	
842.4577	102	
842.5461	101	
842.6228	126	
843.1211	308	
843.2817	152	
843.4505	216	
843.6185	155	
843.7869	115	
844.1261	108	
845.1000	108	
845.5896	132	
846.1178	252	
846.2860	177	
846.4615	2116	
846.6176	444	
846.7965	2236	
847.1296	1530	
847.4642	767	
847.6235	236	
847.7977	251	
848.1286	318	
848.4651	108	
848.5207	186	
848.6273	102	
848.7215	287	
848.7967	102	
848.9226	280	
849.1208	688	
849.2866	353	
849.3212	130	
849.4541	339	
849.6181	226	
849.7892	212	
849.9537	155	
850.1349	242	
850.3497	142	
850.5297	581	
850.7325	856	
850.9316	1183	
851.1322	818	
851.3326	322	
851.5320	254	
851.6281	145	
852.1274	133	
852.4665	1354	
852.8000	1378	
852.9554	155	
853.1323	1151	
853.2932	202	
853.4647	540	
853.6261	121	
853.7994	167	
854.1322	352	
854.3334	585	
854.5332	344	
854.7350	420	
854.9331	207	
855.0978	257	
855.1295	160	
855.7917	245	
856.0861	263	
856.1262	429	
856.3188	272	
856.3769	164	
856.4607	148	
856.5171	476	
856.5863	105	
856.6307	534	
856.7176	454	
856.7928	103	
856.9181	256	
857.1269	521	
857.3199	109	
857.6322	153	
858.1280	125	
859.1143	179	
859.2740	146	
860.1183	164	
860.3197	147	
860.5188	104	
860.6199	134	
861.1129	233	
861.6255	135	
861.7947	116	
862.1238	173	
862.5748	125	
862.9178	102	
863.1207	184	
863.4481	103	
863.8009	889	
864.1349	695	
864.4683	573	
864.5049	195	
864.5641	116	
864.6270	129	
864.7104	117	
864.8008	303	
864.9122	120	
865.0909	183	
865.1242	170	
865.1590	194	
865.2941	146	
865.4601	161	
865.6289	198	
866.1153	127	
866.5251	190	
866.7251	369	
866.9251	334	
867.1231	274	
867.3266	138	
868.1012	190	
868.4596	916	
868.6268	2373	
868.7932	2614	
868.9611	2032	
869.1242	1312	
869.2956	634	
869.4555	514	
869.6286	239	
869.8022	814	
870.1359	766	
870.3271	109	
870.4706	465	
870.8075	294	
871.0584	102	
871.4620	275	
871.6269	494	
871.7954	563	
871.9641	569	
872.1254	240	
872.2983	108	
872.4623	100	
873.1178	250	
873.1697	174	
873.4530	178	
873.7866	153	
874.1068	112	
875.1206	164	
875.4530	164	
876.1209	233	
876.4469	211	
876.7799	180	
877.1156	240	
877.6050	113	
878.1363	725	
878.6240	139	
879.1194	514	
879.4544	199	
879.7890	214	
880.1102	195	
880.4504	208	
880.7846	108	
881.1187	173	
882.1183	123	
882.4535	128	
883.1166	126	
884.1179	168	
884.4522	253	
884.7867	430	
885.1206	306	
885.4538	109	
886.1287	269	
886.4533	101	
886.6300	228	
886.7868	123	
887.1326	211	
887.6265	401	
888.1329	407	
888.1888	377	
888.6265	161	
889.1325	185	
889.1931	170	
889.6321	102	
889.7786	313	
890.1175	304	
890.4549	1029	
890.7902	1105	
890.8864	406	
891.1314	1042	
891.3882	425	
891.4590	299	
891.6373	365	
891.7949	142	
891.8890	191	
893.1495	191	
894.1348	366	
894.3817	525	
894.6320	428	
894.8824	309	
895.1340	305	
895.3875	276	
895.6387	482	
895.7795	258	
895.8895	329	
896.1468	1358	
896.3869	148	
896.4568	273	
896.6244	111	
896.7912	299	
897.1381	324	
897.3809	187	
897.4629	132	
897.6339	199	
898.1424	192	
899.1405	143	
901.1438	118	
901.8864	180	
902.1312	279	
902.4549	146	
903.1209	117	
903.4618	103	
903.7317	116	
903.9349	107	
904.1332	173	
905.0441	472	
905.1505	944	
905.7954	182	
905.9623	156	
906.0480	183	
906.1517	804	
906.1998	514	
906.7325	157	
906.9320	148	
907.0460	120	
907.1453	327	
907.2020	148	
907.3342	178	
907.5365	146	
907.8753	143	
908.1272	260	
908.3773	305	
908.6273	227	
909.3752	120	
909.6222	398	
909.8706	532	
910.1244	407	
910.3734	220	
910.5279	105	
910.6216	201	
910.8773	231	
911.1568	356	
911.3796	206	
911.6285	166	
912.1378	286	
912.3352	260	
912.5371	267	
912.6278	108	
912.7360	180	
912.8790	109	
912.9362	116	
913.1273	194	
914.1237	180	
914.3767	198	
914.6272	157	
914.8735	159	
915.7359	123	
915.9372	162	
916.1851	2119	
916.3371	141	
916.4331	130	
916.7676	136	
917.1111	175	
917.1853	775	
917.3733	112	
917.6274	203	
918.1848	226	
919.1251	204	
919.3217	123	
919.4593	113	
919.5232	143	
922.1319	104	
923.1296	121	
924.1599	158	
924.3001	152	
924.4656	293	
924.6330	450	
924.8005	416	
924.9666	241	
925.1325	225	
925.3045	112	
925.9253	102	
926.1225	155	
926.3238	101	
926.5998	116	
927.1175	359	
928.1245	145	
929.1292	148	
929.1813	240	
929.6377	117	
930.1281	101	
930.1795	102	
931.1434	270	
931.6478	196	
932.1486	335	
932.6557	169	
934.1942	1162	
935.1206	168	
935.1815	499	
935.6155	119	
936.1829	229	
937.1556	209	
937.6539	146	
938.4556	103	
939.1257	118	
940.0937	183	
940.1474	159	
941.1422	106	
942.1395	174	
944.1556	2267	
944.6514	822	
945.1548	1489	
945.6532	275	
946.1528	606	
946.6530	101	
947.1887	335	
948.1367	103	
948.1932	124	
948.5350	118	
948.7350	147	
949.1361	182	
950.1418	175	
951.1441	724	
951.6452	469	
952.1461	253	
953.1382	134	
953.6577	1181	
954.1579	1001	
954.6579	496	
955.1120	160	
955.1567	218	
956.0703	348	
957.0731	140	
958.1030	744	
959.1125	345	
959.6236	101	
960.1500	256	
960.6467	173	
962.1630	700	
962.6586	228	
963.1566	1075	
963.6560	651	
964.1560	388	
964.6540	138	
966.1313	364	
966.4859	425	
966.8182	195	
967.1127	411	
967.9408	122	
968.1118	776	
968.2039	217	
969.1153	332	
969.4756	234	
969.8122	272	
970.1399	224	
970.4792	203	
970.6579	188	
970.8147	125	
971.1343	408	
971.6580	247	
972.1579	848	
972.4875	341	
972.6610	373	
972.8226	268	
973.1181	343	
973.1582	293	
973.6542	141	
973.8996	202	
974.0831	338	
974.1480	358	
974.4027	158	
974.4846	335	
974.8206	165	
975.0845	126	
975.1484	140	
975.4798	304	
975.8147	332	
976.1353	316	
976.3455	181	
976.5440	194	
976.6270	168	
976.7438	240	
976.9449	119	
977.1376	390	
977.3946	320	
977.6426	349	
977.8939	155	
978.1388	282	
978.4025	171	
978.6539	181	
978.9033	142	
979.1237	227	
979.6643	186	
980.1525	222	
981.1404	218	
981.6423	138	
981.8948	136	
982.1276	350	
982.6242	212	
982.8018	103	
983.0842	746	
984.0887	369	
984.1337	476	
984.6380	132	
985.1307	429	
986.1224	702	
986.2113	202	
987.1250	245	
988.1266	125	
988.8011	145	
989.1359	220	
989.4718	202	
989.8078	117	
990.1366	162	
991.1327	1047	
991.4683	142	
991.6327	368	
992.1342	462	
992.6323	110	
993.1389	254	
993.6399	314	
994.1385	413	
994.6367	235	
995.1367	152	
996.1440	839	
996.4676	228	
996.7984	148	
997.1311	892	
998.1347	290	
999.1376	168	
1000.1350	224	
1000.6355	142	
1000.8041	106	
1001.1360	153	
1001.4604	144	
1001.6372	180	
1001.7926	107	
1002.1280	384	
1002.6390	335	
1003.1396	686	
1003.6398	442	
1004.1391	328	
1006.1454	411	
1007.0858	177	
1007.1486	194	
1009.1469	554	
1010.0672	197	
1010.1476	287	
1010.6423	349	
1011.1416	458	
1011.6421	252	
1012.1440	323	
1013.1471	146	
1014.1580	559	
1015.1438	284	
1016.1433	195	
1019.6460	137	
1020.1469	123	
1022.1551	110	
1024.1569	451	
1025.1572	189	
1026.1521	206	
1026.6493	126	
1027.1577	225	
1030.1574	411	
1031.1570	141	
1034.1224	112	
1035.1516	196	
1035.6531	163	
1036.1499	142	
1040.0994	572	
1041.1017	264	
1042.1029	145	
1046.1449	264	
1046.6464	231	
1047.1494	113	
1048.0765	235	
1048.1673	462	
1049.1658	159	
1055.1616	174	
1056.9027	103	
1058.1007	137	
1059.0835	101	
1061.1518	100	
1064.1016	118	
1068.1475	155	
1068.8283	115	
1071.1017	176	
1074.8329	144	
1075.1645	156	
1077.0977	121	
1078.0975	100	
1080.4930	110	
1080.8311	168	
1081.1639	284	
1081.4993	203	
1082.1660	102	
1083.1637	108	
1086.1536	372	
1086.4974	131	
1086.8304	154	
1087.1615	277	
1088.1600	110	
1089.1149	113	
1101.1584	137	
1102.1570	153	
1102.6796	205	
1103.1775	140	
1104.6717	248	
1105.1715	185	
1106.1770	231	
1107.1581	159	
1108.1621	130	
1110.1259	148	
1111.6823	106	
1112.1853	111	
1113.6752	101	
1116.6707	169	
1117.1732	143	
1121.6690	286	
1122.1711	264	
1122.6748	120	
1123.1739	106	
1124.1890	176	
1125.1785	197	
1125.6792	117	
1126.1766	205	
1130.6747	246	
1131.1798	212	
1131.6761	121	
1136.6843	102	
1150.6567	101	
1151.1601	121	
1152.1698	126	
1161.6539	119	
1162.1562	127	
1170.6606	112	
1171.1642	113	
1194.1947	100	
1205.1454	118	
1208.2288	130	
1212.2042	193	
1213.1758	323	
1214.1764	222	
1219.1902	186	
1220.6780	111	
1221.1847	107	
1223.2240	385	
1224.2257	313	
1225.2238	110	
1230.2170	138	
1236.2169	155	
1237.2024	1136	
1238.2053	522	
1239.2077	255	
1241.2332	323	
1242.2352	178	
1254.2258	118	
1255.2150	426	
1256.2178	203	
1257.2263	117	
1258.2194	119	
1274.1656	120	
1275.2394	283	
1276.2295	303	
1277.2327	145	
1288.1991	131	
1292.1747	221	
1293.1727	165	
1293.2502	228	
1294.2392	223	
1295.2373	139	
1296.2047	233	
1296.7058	294	
1297.2043	124	
1298.1782	117	
1299.1597	300	
1300.1612	127	
1315.1347	193	
1316.1852	167	
1317.1702	452	
1318.1735	194	
1335.1782	122	
1336.1876	112	
1337.1928	260	
1338.1880	194	
1355.2068	234	
1356.1996	246	
1357.1998	131	
1373.2124	104