m/z	I	
505.5692	2163	
512.0644	2676	
512.1983	6408	
512.3361	5403	
512.4842	4035	
512.5740	2398	
513.3983	5195	
513.4816	11027	
513.5651	13779	
513.6484	13720	
513.7319	10846	
513.8154	7696	
513.8991	4506	
513.9823	2512	
516.9264	3611	
517.0693	5042	
517.2133	3984	
517.3559	2360	
519.5444	28612	
520.0459	12174	
520.5447	6347	
521.0454	2339	
528.2530	2127	
533.5708	3917	
533.6961	5715	
533.8214	5658	
533.9467	4105	
534.0714	2131	
534.8730	3252	
535.0726	3883	
535.2738	2422	
544.3930	3355	
544.5081	2689	
544.5566	2814	
544.6190	2593	
544.7265	3835	
546.0963	2370	
548.0672	2591	
548.1599	2437	
549.9084	4201	
550.0730	6226	
550.1599	2869	
550.2462	4998	
550.3418	2818	
550.4125	2257	
555.5262	3116	
555.6173	4062	
555.7093	3787	
555.7996	3349	
555.8905	2183	
556.0603	2832	
556.2015	3480	
556.3442	5532	
556.4347	3227	
556.4877	2366	
556.5258	2901	
556.6209	2290	
558.3433	2819	
558.4346	6215	
558.5256	8330	
558.6167	8036	
558.7081	8449	
558.8000	8362	
558.8914	7579	
558.9818	6919	
559.0721	5623	
559.1654	4052	
559.8907	3535	
559.9811	12472	
560.0720	25386	
560.1624	130459	
560.2534	274682	
560.3445	351612	
560.4355	355787	
560.5266	269034	
560.6176	192119	
560.7087	109185	
560.7998	61507	
560.8909	30370	
560.9274	6479	
560.9820	15898	
561.0712	12733	
561.1639	4066	
561.2158	6341	
561.2534	2757	
561.3582	4400	
561.3897	3353	
561.4338	2391	
561.5043	2826	
561.6159	6446	
561.7074	12169	
561.7979	15981	
561.8890	15798	
561.9800	13761	
562.0709	10076	
562.1620	6694	
562.2528	5045	
562.3432	3665	
562.4345	2844	
562.5252	2239	
566.7475	2475	
567.0791	2016	
567.8137	2730	
567.9384	2987	
568.0641	2266	
569.1882	2608	
569.2996	4619	
569.4108	5069	
569.5225	4034	
569.6339	2516	
582.7757	5468	
582.8762	10614	
582.9759	13130	
583.0761	12670	
583.1764	9571	
583.2765	6732	
583.3123	3327	
583.3763	4052	
583.4756	2526	
583.5667	3171	
583.8139	2267	
584.4743	2107	
584.5739	3390	
584.6746	2254	
585.7768	2121	
591.8377	3257	
592.0871	3162	
592.4690	3767	
592.5713	4387	
592.6696	4041	
592.7706	3115	
592.8727	2288	
592.8899	2111	
592.9834	2877	
593.0738	3428	
593.1690	2744	
597.5658	2223	
597.7326	3060	
597.8994	2636	
599.2084	2617	
599.3515	2427	
601.2745	2406	
601.3748	3080	
601.4755	2766	
601.5752	2362	
602.7739	3312	
602.8742	6902	
602.9739	8953	
603.0747	9707	
603.1185	6288	
603.1745	7278	
603.2517	4553	
603.2730	5116	
603.3751	3406	
603.4155	5915	
603.4751	2045	
603.5815	5652	
603.7498	3234	
604.6747	2639	
604.7751	3371	
604.8753	3318	
604.9755	3365	
605.0761	4539	
605.1763	7248	
605.2761	9722	
605.3763	10716	
605.4763	9235	
605.5764	7263	
605.6765	4437	
605.7766	2676	
606.7779	3904	
606.8777	6377	
606.9777	8000	
607.0777	9024	
607.1783	6763	
607.2781	5064	
607.3776	3384	
607.4780	2049	
609.0803	3743	
609.1917	5368	
609.3044	6203	
609.4160	5435	
609.5273	3852	
609.6393	2335	
609.9395	6266	
610.0820	10538	
610.2255	9271	
610.3690	6787	
610.5124	3702	
610.5718	2329	
611.0795	6780	
611.1799	13064	
611.2799	17426	
611.3799	17115	
611.4800	13460	
611.5802	8965	
611.6803	5418	
611.7801	3296	
611.8799	2100	
611.9790	3539	
612.0789	7458	
612.1802	7735	
612.2793	7412	
612.3261	2682	
612.3791	5917	
612.4783	4271	
612.5774	4370	
612.8221	2188	
613.0772	2275	
614.0781	2105	
614.2785	8824	
614.3786	18183	
614.4790	25201	
614.5792	26432	
614.6801	32301	
614.7809	40947	
614.8815	45210	
614.9818	40054	
615.0821	29402	
615.1825	20421	
615.2829	12075	
615.3827	6865	
615.4827	3973	
615.5826	2419	
615.6367	2039	
615.7845	2092	
615.8796	2882	
615.9807	10805	
616.0801	44796	
616.1800	84154	
616.2793	453954	
616.3794	1007920	
616.4795	1322423	
616.5798	1254522	
616.6800	1009437	
616.7802	699824	
616.8803	416129	
616.9805	212709	
617.0805	118922	
617.1802	54664	
617.2802	27324	
617.3789	16713	
617.4764	9405	
617.5746	7105	
617.6246	5330	
617.6779	6212	
617.7194	5055	
617.7792	8265	
617.8781	24788	
617.9783	44380	
618.0263	2849	
618.0784	58665	
618.1787	58972	
618.2789	49974	
618.3790	34934	
618.4791	26020	
618.5787	19217	
618.6787	15599	
618.7784	12881	
618.8784	8979	
618.9786	6524	
619.0786	4505	
619.1809	3168	
619.2831	2121	
619.5774	2614	
619.6778	2806	
619.7776	3181	
619.8770	2621	
619.9744	2484	
620.0772	3855	
620.1786	3493	
620.2769	4340	
620.3772	4866	
620.4777	5159	
620.5783	4536	
620.6796	3998	
620.7808	3380	
620.8814	2740	
620.9811	2049	
621.0795	2062	
621.1841	2203	
622.0753	2380	
622.1761	2061	
622.2763	2119	
631.0732	2934	
631.1091	3103	
636.0768	2302	
638.0820	2327	
638.2127	2566	
638.2560	3690	
638.3374	3687	
638.4230	5238	
638.4616	4133	
638.5886	7964	
638.7126	2245	
638.7570	2967	
640.1134	5542	
640.2301	2457	
640.4625	8942	
640.4968	3042	
640.5876	15935	
640.7117	17838	
640.8382	13296	
640.8978	2799	
640.9638	9154	
641.0902	6149	
641.2133	2514	
644.3464	3182	
644.5979	3417	
644.8493	2292	
647.0814	2983	
647.1841	2393	
647.2830	2729	
647.3826	2616	
647.4823	2061	
647.5830	2329	
647.6403	10688	
647.7517	22053	
647.8629	27155	
647.9743	25143	
648.0855	19625	
648.1964	12692	
648.3073	7974	
648.3853	2102	
648.4185	4664	
648.4846	2527	
648.5295	2680	
648.5845	2422	
649.0760	2506	
649.4158	2791	
649.5276	4413	
649.6395	5286	
649.7501	4342	
649.8631	3424	
649.9763	2359	
650.0825	3368	
650.4477	2253	
650.7567	2624	
650.8644	4573	
650.9748	4674	
651.0865	4401	
651.1968	2840	
652.2859	3060	
652.3859	3851	
652.4858	3944	
652.5843	4592	
654.0825	4044	
654.2250	2592	
654.5836	2832	
654.7515	3869	
654.9195	2838	
655.0847	2810	
656.4446	3816	
656.5253	2076	
656.6374	2576	
656.7501	2892	
656.7782	3141	
656.8599	2413	
658.3006	5826	
658.4117	11754	
658.5232	14504	
658.6344	13970	
658.7456	11287	
658.8569	7009	
658.9684	4277	
659.0800	2412	
660.2966	2268	
668.3062	2390	
668.4177	2450	
669.8604	3389	
669.9712	6862	
670.0832	10116	
670.1957	9591	
670.3060	8109	
670.4172	6447	
670.5285	3959	
670.6405	2643	
671.0914	2210	
671.9722	3182	
672.0845	4132	
672.1957	3713	
672.3069	3276	
672.4185	3231	
672.5295	4228	
672.6410	4840	
672.7522	5320	
672.8635	4251	
672.9749	3022	
673.0859	2460	
674.1981	2410	
674.3092	4857	
674.4204	9069	
674.5314	12388	
674.6426	13186	
674.7538	11977	
674.8651	9681	
674.9760	6242	
675.0867	4002	
675.1985	2361	
677.0915	2924	
677.1995	2333	
677.3109	2472	
677.4250	2826	
677.5340	2194	
679.0890	7640	
679.2004	15002	
679.3115	20271	
679.4228	19325	
679.5339	15133	
679.6456	10655	
679.7567	6273	
679.8675	3644	
680.0916	2405	
680.1999	2442	
680.3105	2672	
680.4218	2726	
680.5329	2264	
681.0511	4011	
681.0883	2403	
682.6433	8827	
682.7546	19794	
682.8660	27507	
682.9774	28614	
683.0898	35119	
683.2018	46575	
683.3134	50553	
683.4250	44524	
683.5361	33743	
683.5922	2108	
683.6475	22953	
683.7590	14093	
683.8699	7995	
683.9809	4222	
684.0917	3205	
684.2041	2077	
684.3169	2075	
684.4236	2895	
684.5345	11339	
684.5911	2813	
684.6452	45773	
684.7562	85986	
684.8664	486074	
684.9776	1041823	
685.0890	1379588	
685.2004	1334051	
685.3117	1030381	
685.4229	679878	
685.5342	423289	
685.5912	18899	
685.6455	235313	
685.7198	18794	
685.7566	120559	
685.8072	10765	
685.8671	57780	
685.9223	9984	
685.9772	31028	
686.0315	8952	
686.0899	20366	
686.2081	9403	
686.2214	10483	
686.3135	6922	
686.3709	10508	
686.4202	8043	
686.5208	9992	
686.5853	5436	
686.6453	24380	
686.7139	4267	
686.7543	43527	
686.7982	5544	
686.8656	59456	
686.9767	60727	
687.0883	53491	
687.1998	36066	
687.3106	26738	
687.4215	20585	
687.4630	2085	
687.5324	16591	
687.6432	13177	
687.7544	9822	
687.8656	6892	
687.9764	4605	
688.0879	3099	
688.2010	2199	
688.4221	2167	
688.5294	2880	
688.6439	3006	
688.7539	3472	
688.8648	2958	
688.9741	2447	
689.0884	5065	
689.1983	3387	
689.3080	4582	
689.4194	5496	
689.5307	5396	
689.6434	4887	
689.7555	4350	
689.8678	3605	
689.9790	2723	
690.0914	2457	
691.3052	2436	
691.4173	2423	
691.5285	2428	
691.6403	2116	
691.7514	2058	
692.0830	2031	
695.5979	3098	
695.7668	2766	
695.9345	2087	
697.8844	2184	
698.0855	2980	
700.4095	2262	
704.7049	2689	
704.9053	2029	
708.7614	2146	
708.9285	3078	
709.0951	3283	
709.2625	2159	
711.9302	2199	
712.0962	2262	
715.8339	2568	
716.0855	2889	
716.3349	2154	
720.4974	2402	
720.6977	3267	
720.8973	2576	
721.0973	2369	
724.1085	2937	
724.3632	2939	
724.6133	2138	
724.8703	2671	
724.9842	2953	
725.0973	3394	
725.2074	2450	
728.7212	6719	
728.8465	13362	
728.9713	17487	
729.0968	15828	
729.2220	12404	
729.3469	8143	
729.4719	5167	
729.5278	3532	
729.5965	3122	
729.6710	6091	
729.8143	6794	
729.9581	5421	
730.1002	3650	
730.8447	2821	
730.9696	3147	
731.0948	2981	
731.2198	2167	
732.0999	6323	
732.2425	9944	
732.3475	2741	
732.3870	10657	
732.4725	2815	
732.5301	8747	
732.5973	2525	
732.6734	5516	
732.8169	3175	
737.0912	2054	
738.5926	2439	
738.7181	5065	
738.8431	6457	
738.9686	6641	
739.0936	5279	
739.2186	3401	
739.3442	2088	
740.7136	5202	
740.8388	10387	
740.9641	13420	
741.0894	13489	
741.2146	9322	
741.3399	6427	
741.4651	3808	
741.5904	2201	
745.4272	3206	
745.7613	2947	
746.0943	2884	
746.7696	2848	
746.9378	4403	
747.1039	4456	
747.2718	2968	
753.8440	2753	
753.9689	4169	
754.0949	5162	
754.2200	5090	
754.3453	4100	
754.4708	3049	
756.0948	2396	
756.2199	2740	
756.3450	2877	
756.4706	2447	
756.7929	3780	
757.1265	3445	
757.4632	2241	
758.7235	3704	
758.8483	6344	
758.9735	8917	
759.0984	9928	
759.2236	9233	
759.3484	7045	
759.4748	4854	
759.5988	2945	
764.1009	4981	
764.2260	10000	
764.3510	13143	
764.4762	12558	
764.6012	10324	
764.7265	7089	
764.8517	4160	
764.9767	2292	
766.1054	3222	
766.3086	4478	
766.5094	3804	
766.7123	2780	
768.0991	5823	
768.2244	12212	
768.3498	16530	
768.4752	17217	
768.6012	20922	
768.7273	27159	
768.8530	29551	
768.9785	26908	
769.1038	20895	
769.2290	13310	
769.3541	7875	
769.4797	4480	
769.6041	2883	
770.1036	2042	
770.2272	6965	
770.3513	29206	
770.4763	53445	
770.6003	331312	
770.7254	693532	
770.8506	886029	
770.9760	886166	
771.1012	730063	
771.2264	495623	
771.3515	286967	
771.4767	155033	
771.5407	8473	
771.6020	76990	
771.6664	6620	
771.7272	37870	
771.7936	6692	
771.8523	18021	
771.9240	6209	
771.9769	9570	
772.0443	4445	
772.0595	4531	
772.1018	6632	
772.1707	4237	
772.2259	3895	
772.2898	3169	
772.3042	3319	
772.3492	4461	
772.4137	2916	
772.4758	5372	
772.5991	15892	
772.6560	2134	
772.7241	29615	
772.8492	38165	
772.9745	39924	
773.0997	33056	
773.2248	24248	
773.3500	17833	
773.4744	14328	
773.5991	11947	
773.7241	9765	
773.8490	7399	
773.9746	4932	
774.0996	3717	
774.2253	2242	
774.8483	2131	
774.9735	2123	
775.0993	2026	
775.4718	2519	
775.5969	3328	
775.7225	3961	
775.8480	3974	
775.9737	3478	
776.1002	3034	
776.2264	2405	
780.9661	2034	
781.1044	2481	
783.3921	2094	
783.4485	2713	
783.5355	4357	
783.6787	5208	
783.7829	2595	
783.8216	4567	
783.9653	3290	
784.1113	3002	
793.1001	3413	
793.6010	2241	
810.6409	3010	
811.1410	2017	
815.7334	2276	
815.8583	2383	
832.9674	4903	
833.1105	10318	
833.2539	12624	
833.3969	12323	
833.5400	8949	
833.6829	6153	
833.8256	3644	
833.9685	2141	
835.3945	2073	
835.5364	2211	
835.6806	2055	
837.1114	2085	
837.2553	2091	
844.5358	2625	
844.6790	2375	
844.8222	2102	
846.6736	2716	
846.8168	5374	
846.9599	6950	
847.1032	6875	
847.2461	4990	
847.3892	3495	
862.1104	2578	
862.2536	2218	
864.3949	2303	
864.5383	2060	
867.2565	2818	
867.3991	5086	
867.5420	7000	
867.6848	7844	
867.8278	7273	
867.9706	5580	
868.1136	3978	
868.2572	2371	
873.4020	4000	
873.5447	7858	
873.6877	10439	
873.8307	10355	
873.9741	8110	
874.1169	5462	
874.2599	3287	
877.9716	4398	
878.1146	10323	
878.2578	13858	
878.4010	13918	
878.5452	17288	
878.6893	22182	
878.8330	23793	
878.9762	20343	
879.1195	16777	
879.2626	11089	
879.4056	6262	
879.5486	3511	
879.6916	2121	
880.4034	5900	
880.5453	23280	
880.6881	43430	
880.8298	268225	
880.9729	573527	
881.1159	741898	
881.2590	734004	
881.4022	598150	
881.5452	400916	
881.6883	237484	
881.8315	127174	
881.9747	64901	
882.1179	33302	
882.2616	15364	
882.3365	3607	
882.4051	7527	
882.4864	3536	
882.5461	4174	
882.5944	2830	
882.6362	3028	
882.6882	3341	
882.7454	2380	
882.7844	2522	
882.8280	3425	
882.9726	4115	
883.1143	12662	
883.2570	22808	
883.4001	31573	
883.5433	32013	
883.6863	26285	
883.8296	19983	
883.9723	15406	
884.1145	11756	
884.2573	10939	
884.4001	9064	
884.5429	6624	
884.6861	4811	
884.8295	3152	
886.3973	2316	
886.5401	2876	
886.6834	3322	
886.8270	3346	
886.9709	2914	
887.1156	2530	
914.2926	2888	
914.4595	3607	
914.6267	3123	
914.7938	2152	
932.5536	2095	
944.1520	2730	
971.9639	4169	
972.1305	8637	
972.2976	10124	
972.4646	9895	
972.6315	7772	
972.7978	5190	
972.9648	3094	
974.9620	2040	
987.9539	2049	
988.1211	4172	
988.2880	5183	
988.4548	4802	
988.6220	3810	
988.7885	2559	
1006.1304	2025	
1011.9668	2432	
1012.1341	4151	
1012.3006	6144	
1012.4672	6849	
1012.6339	5927	
1012.8007	5007	
1012.9675	3030	
1013.1351	2054	
1019.1369	3420	
1019.3035	6465	
1019.4707	8778	
1019.6374	8703	
1019.8044	6300	
1019.9712	4644	
1020.1383	2965	
1024.4671	3971	
1024.6351	8230	
1024.8023	11099	
1024.9695	11433	
1025.1376	13891	
1025.3058	18816	
1025.4732	20914	
1025.6403	17699	
1025.8076	14193	
1025.9744	9350	
1026.1417	5621	
1026.3089	3013	
1027.3051	4831	
1027.4709	19426	
1027.6378	36610	
1027.8030	231931	
1027.9698	482272	
1028.1368	626318	
1028.3037	645002	
1028.4705	512862	
1028.6377	340702	
1028.8046	201436	
1028.9714	109269	
1029.1383	55174	
1029.3051	27180	
1029.4209	4402	
1029.4717	12921	
1029.5887	3263	
1029.6385	6471	
1029.6928	2983	
1029.7455	2728	
1029.8067	3964	
1029.8968	2321	
1029.9724	2823	
1030.1381	2858	
1030.3032	3430	
1030.4682	10361	
1030.6350	20167	
1030.8017	26746	
1030.9687	26470	
1031.1357	23116	
1031.3027	17731	
1031.4691	13317	
1031.6352	11186	
1031.8014	10202	
1031.9679	8805	
1032.1349	6644	
1032.3019	4419	
1032.4688	2860	
1034.2986	2218	
1034.4656	3061	
1034.6330	3379	
1034.8008	3311	
1034.9694	2913	
1035.1384	2410	
1035.3066	2008	
1037.4768	6779	
1037.6443	14141	
1037.8113	18764	
1037.9784	18694	
1038.1451	14963	
1038.3116	10388	
1038.4780	6442	
1038.6434	3536	
1047.4876	2513	
1047.6540	2615	
1047.8215	2285	
1097.3528	2075	
1097.5537	2672	
1097.7539	2331	
1166.5582	2697	
1166.7582	5389	
1166.9587	6567	
1167.1592	6675	
1167.3593	5000	
1167.5595	3085	
1167.7594	2100	
1178.5694	2278	
1178.7697	2114	
1185.9472	2187	
1186.1475	2774	
1186.3477	2734	
1186.5484	2002	
1214.7624	2210	
1214.9627	3127	
1215.1624	3515	
1215.3623	3101	
1215.5626	2645	
1223.3664	3388	
1223.5668	4709	
1223.7667	4336	
1223.9668	3583	
1224.1673	2366	
1226.7719	2265	
1226.9719	2000	
1229.5643	2054	
1229.7640	4412	
1229.9646	5783	
1230.1654	6068	
1230.3674	7267	
1230.5689	10004	
1230.7700	11582	
1230.9708	10523	
1231.1710	7707	
1231.3717	5338	
1231.5723	3067	
1232.9690	2719	
1233.1671	10334	
1233.3672	19073	
1233.5653	119089	
1233.7658	260238	
1233.9661	329902	
1234.1664	342282	
1234.3668	266041	
1234.5671	175998	
1234.7675	107698	
1234.9679	57115	
1235.1689	30644	
1235.3698	15310	
1235.5716	8181	
1235.7717	4270	
1235.9729	2727	
1236.7639	5159	
1236.9636	9814	
1237.1638	13549	
1237.3641	13414	
1237.5646	11435	
1237.7654	8424	
1237.9655	6985	
1238.1652	6972	
1238.3649	6731	
1238.5651	6126	
1238.7653	4860	
1238.9658	3278	
1239.1664	2162	
1241.3691	3039	
1241.5702	4312	
1241.7700	4369	
1241.9731	5042	
1242.1764	6222	
1242.3783	6651	
1242.5792	6206	
1242.7799	4656	
1242.9806	3262	
1243.1806	2172	
1244.7772	5873	
1244.9772	11281	
1245.1759	64155	
1245.3762	143186	
1245.5766	193531	
1245.7770	191026	
1245.9773	149284	
1246.1776	102414	
1246.3778	62828	
1246.5781	34989	
1246.7788	17629	
1246.9794	8879	
1247.1806	4354	
1247.3810	2308	
1248.3740	3392	
1248.5738	6248	
1248.7743	8380	
1248.9746	8735	
1249.1745	7502	
1249.3747	5621	
1249.5740	4699	
1249.7733	4215	
1249.9731	3976	
1250.1734	3498	
1250.3743	2582	
1253.1793	2268	
1253.3803	2300	
1253.5832	2678	
1253.7864	3205	
1253.9884	3552	
1254.1892	3284	
1254.3901	2447	
1256.3874	2792	
1256.5878	5536	
1256.7864	30914	
1256.9866	67061	
1257.1870	89736	
1257.3874	90673	
1257.5877	73894	
1257.7881	50857	
1257.9882	30269	
1258.1887	17085	
1258.3890	8954	
1258.5899	4477	
1258.7903	2141	
1259.9842	2005	
1260.1840	3520	
1260.3851	4794	
1260.5850	4723	
1260.7854	4127	
1260.9841	3197	
1261.1834	2816	
1261.3821	2395	
1261.5822	2339	
1268.1976	2347	
1268.3968	12283	
1268.5973	25960	
1268.7975	34761	
1268.9981	35110	
1269.1982	28680	
1269.3984	20051	
1269.5990	12517	
1269.7989	7328	
1269.9996	3644	
1272.1944	2189	
1280.0073	3983	
1280.2080	8380	
1280.4083	11993	
1280.6085	11882	
1280.8092	9800	
1281.0092	6743	
1281.2099	4123	
1281.4095	2441	
1291.8183	2349	
1292.0186	3053	
1292.2190	3339	
1292.4194	2635	
1473.2135	3164	
1473.4636	3966	
1473.7139	3678	
1473.9645	3062	
1487.4761	2107	
1487.7259	3783	
1487.9770	5041	
1488.2274	4631	
1488.4773	3556	
1488.7278	2607	
1502.2393	3597	
1502.4899	4508	
1502.7401	4156	
1502.9909	3316	
1503.2405	2285	
1511.9628	2155	
1512.2133	2062	
1516.7523	2324	
1517.0032	2976	
1517.2532	2952	
1517.5039	2284	
1526.4760	2379	
1526.7263	2275	
1533.4685	2014	
1533.7184	2175	
1533.9683	2029	
1538.2150	2084	
1538.4661	2701	
1538.7173	3157	
1538.9678	2971	
1539.2188	2405	
1540.9879	2021	
1541.7170	2240	
1541.9631	4316	
1542.2090	25998	
1542.4591	54603	
1542.7094	70911	
1542.9596	71660	
1543.2101	55584	
1543.4606	37357	
1543.7114	23694	
1543.9631	14014	
1544.2155	7980	
1544.4681	5001	
1544.7214	3434	
1544.9738	2182	
1546.4571	2063	
1546.7071	2745	
1546.9575	2762	
1547.2110	2493	
1547.4668	2133	
1547.7224	2553	
1547.9741	3363	
1548.2247	3814	
1548.4749	3569	
1548.7245	2787	
1548.9763	2014	
1551.9692	2863	
1552.2200	3955	
1552.4711	4037	
1552.7244	5294	
1552.9769	6776	
1553.2280	7353	
1553.4789	6907	
1553.7300	5467	
1553.9801	3884	
1554.2314	2524	
1556.2251	6435	
1556.4744	12215	
1556.7218	71415	
1556.9722	151391	
1557.2226	210811	
1557.4729	202587	
1557.7233	170439	
1557.9737	113005	
1558.2241	67950	
1558.4753	37075	
1558.7272	20698	
1558.9794	12085	
1559.2314	6867	
1559.4833	4054	
1559.7358	2550	
1560.7201	3199	
1560.9698	6040	
1561.2197	7882	
1561.4704	8209	
1561.7217	7391	
1561.9731	5917	
1562.2262	5195	
1562.4774	5750	
1562.7276	5548	
1562.9778	5461	
1563.2287	3739	
1563.4791	2703	
1564.4808	2567	
1564.6043	2275	
1564.7299	2688	
1564.8550	2025	
1564.9804	2313	
1566.2296	2246	
1566.4802	4583	
1566.7311	6546	
1566.9820	6752	
1567.2352	8452	
1567.4877	10649	
1567.7397	11697	
1567.9907	10944	
1568.2417	8776	
1568.4920	6401	
1568.7423	4087	
1568.9929	2595	
1570.4912	2746	
1570.7370	10218	
1570.9868	19257	
1571.2350	108921	
1571.4852	233463	
1571.6041	2599	
1571.7355	319669	
1571.8571	3809	
1571.9860	326673	
1572.1058	3910	
1572.2364	260543	
1572.3475	3079	
1572.4868	172541	
1572.7373	106951	
1572.9882	58849	
1573.2396	31399	
1573.4917	17173	
1573.7434	9400	
1573.9950	5550	
1574.2457	3439	
1574.4954	2169	
1575.2336	5304	
1575.4830	9900	
1575.7332	12830	
1575.9834	13748	
1576.2341	12286	
1576.4847	9547	
1576.7354	8321	
1576.9856	8591	
1577.2360	8542	
1577.4861	7889	
1577.7372	6084	
1577.9872	4289	
1578.2396	2740	
1578.7424	2363	
1578.9928	3245	
1579.1182	2658	
1579.2428	3729	
1579.3685	2593	
1579.4921	3023	
1579.7415	2078	
1580.7407	2744	
1580.9914	5296	
1581.2424	7125	
1581.4930	7637	
1581.7466	9031	
1581.9998	11320	
1582.2520	13022	
1582.5032	12325	
1582.7536	10164	
1583.0042	7532	
1583.2546	4990	
1583.5053	3065	
1585.0025	2888	
1585.2499	10285	
1585.4999	19797	
1585.7479	104794	
1585.9983	229481	
1586.2487	312450	
1586.3669	2899	
1586.4991	320374	
1586.7495	263733	
1587.0000	182863	
1587.2504	111836	
1587.5011	62828	
1587.7523	32768	
1588.0037	17246	
1588.2554	9370	
1588.5069	5262	
1588.7584	3215	
1589.0069	2155	
1589.5007	2095	
1589.7464	5524	
1589.9959	10378	
1590.2465	13886	
1590.4967	14691	
1590.7469	12606	
1590.9971	10075	
1591.2466	8784	
1591.4963	8734	
1591.7465	8730	
1591.9970	8181	
1592.2478	6337	
1592.4986	4385	
1592.7504	3021	
1593.0031	2215	
1593.2552	2227	
1593.5061	2702	
1593.7556	2744	
1594.0050	2343	
1595.2507	2520	
1595.5033	4419	
1595.7538	6079	
1596.0050	6407	
1596.2582	7551	
1596.5121	9990	
1596.7641	11514	
1597.0155	11310	
1597.2660	9712	
1597.5163	7283	
1597.7666	4802	
1598.0169	2951	
1599.5139	2270	
1599.7627	7986	
1600.0129	15112	
1600.2610	82006	
1600.5112	180375	
1600.7616	245933	
1601.0121	249882	
1601.2625	203867	
1601.5129	141696	
1601.7633	88273	
1602.0140	49820	
1602.2649	26150	
1602.5159	13600	
1602.7673	6780	
1603.0193	3666	
1603.2689	2259	
1604.2592	4865	
1604.5090	8881	
1604.7594	11810	
1605.0097	12213	
1605.2599	10842	
1605.5094	8505	
1605.7581	7397	
1606.0079	7708	
1606.2575	7803	
1606.5086	7074	
1606.7590	5618	
1607.0094	4032	
1607.2618	2669	
1607.5140	2056	
1610.0140	3191	
1610.2654	4123	
1610.5163	4619	
1610.7697	5112	
1611.0239	6722	
1611.2766	8236	
1611.5278	8315	
1611.7783	7165	
1612.0286	5305	
1612.2788	3723	
1612.5285	2318	
1614.2753	5726	
1614.5256	10830	
1614.7742	53798	
1615.0245	116757	
1615.2749	153471	
1615.5253	161284	
1615.7757	136067	
1616.0259	93830	
1616.2764	59630	
1616.5269	34862	
1616.7777	18183	
1617.0289	9661	
1617.2799	5030	
1617.5310	2820	
1618.7712	3222	
1619.0218	6131	
1619.2723	8255	
1619.5228	8836	
1619.7728	8118	
1620.0220	6211	
1620.2702	5852	
1620.5200	5525	
1620.7698	5606	
1621.0205	4969	
1621.2711	4142	
1621.5221	3072	
1621.7732	2171	
1624.5238	2097	
1624.7758	2806	
1625.0263	3049	
1625.2800	3277	
1625.5351	4178	
1625.7885	5226	
1626.0403	5494	
1626.2905	4982	
1626.5406	3804	
1626.7909	2461	
1628.7878	3524	
1629.0385	6747	
1629.2873	30533	
1629.5375	67284	
1629.7880	95338	
1630.0385	95343	
1630.2890	82884	
1630.5393	57430	
1630.7896	36524	
1631.0401	20042	
1631.2906	10408	
1631.5416	5570	
1631.7924	3061	
1633.2819	2071	
1633.5347	4000	
1633.7853	5307	
1634.0354	5574	
1634.2858	5113	
1634.5348	4083	
1634.7835	3763	
1635.0324	4236	
1635.2825	3903	
1635.5334	3640	
1635.7836	2932	
1636.0347	2184	
1639.5377	2036	
1640.0459	2651	
1640.3003	3192	
1640.5515	3263	
1640.8019	3010	
1641.0519	2219	
1643.2991	2095	
1643.5510	4121	
1643.8005	16436	
1644.0508	36518	
1644.3012	52061	
1644.5515	52152	
1644.8020	45650	
1645.0526	31248	
1645.3028	19995	
1645.5529	11337	
1645.8035	6406	
1646.0542	3484	
1648.0456	2418	
1648.2975	3303	
1648.5478	3548	
1648.7983	3216	
1649.0478	2628	
1649.2964	2524	
1649.5459	2760	
1649.7955	3023	
1650.0460	2764	
1650.2960	2259	
1658.0631	2483	
1658.3132	9466	
1658.5639	20340	
1658.8144	26887	
1659.0649	27018	
1659.3149	23222	
1659.5653	17491	
1659.8160	10816	
1660.0664	6340	
1660.3169	3510	
1663.0592	2131	
1664.0589	2231	
1664.3091	2345	
1664.5598	2162	
1672.8259	5265	
1673.0769	10317	
1673.3275	14422	
1673.5779	14627	
1673.8281	12419	
1674.0783	9059	
1674.3284	6043	
1674.5787	3438	
1687.3388	2980	
1687.5901	5935	
1687.8405	7851	
1688.0906	8402	
1688.3413	7254	
1688.5912	4987	
1688.8409	3316	
1689.0913	2061	
1690.7954	2200	
1691.0467	2455	
1691.2977	2106	
1702.1022	2877	
1702.3533	3753	
1702.6037	4050	
1702.8542	3673	
1703.1043	2508	
1705.3093	2628	
1705.5610	2645	
1705.8111	2401	
1719.5726	2025	
1719.8235	2819	
1720.0750	2990	
1720.3244	2723	
1720.5740	2033	
1734.3370	2458	
1734.5882	2623	
1734.8376	2331	
1796.5572	2158	
1796.6984	2094	
1796.8419	2084	
1804.7059	2514	
1804.8482	3054	
1804.9927	3181	
1805.1344	2673	
1805.2796	2446	
1812.8553	2099	
1812.9996	2999	
1813.1419	3281	
1813.2859	3847	
1813.4284	3445	
1813.5718	3125	
1813.7154	2275	
1821.1489	2033	
1821.2927	2876	
1821.4356	3352	
1821.5784	3786	
1821.7218	3597	
1821.8650	2943	
1822.0085	2367	
1829.5860	2680	
1829.7288	3062	
1829.8717	3298	
1830.0152	3095	
1830.1585	2394	
1830.3010	2208	
1838.0220	2511	
1838.1645	2399	
1838.3093	2596	
1838.4516	2127	
1907.3296	2088	
1926.6809	2139	
1946.0316	2100	
1965.3822	2262	
1965.7167	2007	
1984.3034	2313	
1984.6374	2173	
1984.7332	2238	
1985.0675	2086	
2003.3208	2781	
2003.6548	3499	
2003.9882	3552	
2004.0841	2108	
2004.3226	2769	
2022.6714	3605	
2023.0056	4614	
2023.3396	4437	
2023.6735	3538	
2024.0068	2325	
2042.0225	3732	
2042.3565	4787	
2042.6903	4580	
2043.0239	3830	
2043.3580	2768	
2056.6133	3820	
2056.9463	7869	
2057.2798	11268	
2057.6138	10920	
2057.9478	8662	
2058.2818	5671	
2058.6165	3576	
2058.9518	2208	
2061.3735	3712	
2061.7075	4706	
2062.0416	4534	
2062.3751	3556	
2062.7085	2696	
2074.3382	2234	
2074.6719	2227	
2075.6383	2298	
2075.9635	13624	
2076.2972	28334	
2076.6306	40395	
2076.9647	39439	
2077.2985	31325	
2077.6324	22759	
2077.9668	13370	
2078.3022	7309	
2078.6385	4216	
2078.9770	2608	
2080.7245	3485	
2081.0585	4530	
2081.3921	4371	
2081.7259	3553	
2082.0589	2627	
2083.9851	2084	
2089.6486	2027	
2089.9863	2618	
2090.3220	3521	
2090.6557	4754	
2090.9901	5045	
2091.3232	4312	
2091.6573	3366	
2091.9920	2291	
2093.6881	2472	
2094.0220	2417	
2094.3526	2140	
2094.6579	2672	
2094.9863	4983	
2095.3143	29844	
2095.6479	67816	
2095.9819	93605	
2096.3156	95704	
2096.6497	79373	
2096.9837	51831	
2097.3176	32831	
2097.6523	18443	
2097.9878	9713	
2098.3247	5777	
2098.6627	3564	
2099.0005	2213	
2100.0747	3227	
2100.4090	4392	
2100.7429	4015	
2100.9813	2916	
2101.0764	3638	
2101.3134	3822	
2101.4092	2629	
2101.6468	3979	
2101.9825	3304	
2102.3180	2711	
2102.6559	2799	
2102.9924	3115	
2103.3253	3681	
2103.6612	3527	
2103.9955	2778	
2105.6615	2018	
2105.9940	2429	
2108.3272	2522	
2108.6620	3388	
2108.9963	3374	
2109.3346	4407	
2109.6706	6835	
2110.0049	9126	
2110.3395	10375	
2110.6734	9009	
2111.0066	6993	
2111.3410	4948	
2111.6742	3171	
2112.0106	2001	
2112.6973	2244	
2113.0334	2838	
2113.3663	2691	
2113.6926	2117	
2114.0048	4801	
2114.3361	8637	
2114.6651	50943	
2114.9989	113649	
2115.3327	161340	
2115.5004	3329	
2115.6666	156908	
2115.8344	3320	
2116.0004	129717	
2116.1680	2812	
2116.3346	93652	
2116.6687	54200	
2117.0030	31628	
2117.3383	16993	
2117.6745	9384	
2118.0111	5489	
2118.3481	3389	
2118.6836	2001	
2119.4257	3214	
2119.7596	4115	
2120.0017	3063	
2120.0937	4300	
2120.3324	4984	
2120.4275	3433	
2120.6651	6776	
2120.7588	2473	
2120.9984	6549	
2121.3320	6032	
2121.6669	5041	
2122.0014	4920	
2122.3379	5742	
2122.6728	6499	
2123.0062	6195	
2123.3402	4649	
2123.6756	3385	
2124.0124	2305	
2124.3503	2033	
2124.6803	2699	
2124.8413	2131	
2125.0118	4242	
2125.1750	3787	
2125.3451	4816	
2125.5097	3827	
2125.6785	3984	
2125.8433	2493	
2126.0121	2633	
2127.6760	3529	
2128.0098	4702	
2128.3450	5238	
2128.6832	5864	
2129.0201	9390	
2129.3551	13486	
2129.6892	16256	
2130.0234	14609	
2130.3570	11311	
2130.6907	8028	
2131.0243	5182	
2131.3590	3076	
2131.6985	2181	
2132.0352	2387	
2132.1867	2180	
2132.3687	3010	
2132.5202	2719	
2132.7037	3079	
2132.8546	2262	
2133.0328	3056	
2133.3550	6758	
2133.6866	12134	
2134.0162	65974	
2134.3495	150141	
2134.5171	3106	
2134.6836	203488	
2134.8518	4303	
2135.0174	219014	
2135.1858	4991	
2135.3516	173211	
2135.5210	3657	
2135.6853	126230	
2135.8528	2704	
2136.0194	75123	
2136.1874	2077	
2136.3536	43733	
2136.6890	22758	
2137.0250	11649	
2137.3609	7239	
2137.6965	4493	
2138.0308	2925	
2138.7769	3035	
2139.0257	2104	
2139.1105	3575	
2139.3540	4486	
2139.4440	3800	
2139.6845	7241	
2139.7769	3007	
2140.0170	9406	
2140.1103	2449	
2140.3495	9802	
2140.6833	8227	
2141.0168	6768	
2141.3506	6525	
2141.6854	8146	
2141.8614	2683	
2142.0211	9451	
2142.1961	3329	
2142.3551	8808	
2142.5297	2463	
2142.6890	7057	
2143.0231	4850	
2143.3603	3276	
2143.6984	2926	
2144.0310	3773	
2144.1919	2567	
2144.3632	5543	
2144.5265	4483	
2144.6963	6555	
2144.8606	4407	
2145.0296	5155	
2145.1942	3064	
2145.3624	3577	
2145.6963	2415	
2146.6929	2652	
2147.0258	4442	
2147.3592	5741	
2147.6936	5917	
2148.0316	7239	
2148.3700	10828	
2148.7054	16497	
2149.0394	18492	
2149.3735	18441	
2149.7070	14745	
2150.0413	10093	
2150.3747	6221	
2150.7083	3843	
2151.0456	2801	
2151.3830	3061	
2151.5372	2676	
2151.7141	3944	
2151.8708	3445	
2152.0486	3885	
2152.2052	2961	
2152.3788	4202	
2152.7055	7683	
2153.0370	13332	
2153.3667	73625	
2153.7005	159196	
2153.8698	2829	
2154.0344	228658	
2154.2037	4734	
2154.3683	226253	
2154.5367	4600	
2154.7023	196539	
2154.8710	4056	
2155.0362	135642	
2155.2048	2680	
2155.3702	87080	
2155.5394	2384	
2155.7042	47622	
2155.8698	2127	
2156.0396	26545	
2156.3752	13998	
2156.7109	8313	
2157.0464	5155	
2157.3813	3380	
2157.7140	2318	
2158.1276	2477	
2158.3751	2744	
2158.4602	2866	
2158.7057	5132	
2158.7946	3086	
2159.0358	8813	
2159.1271	2622	
2159.3681	11283	
2159.7011	11287	
2160.0335	9794	
2160.3667	7831	
2160.6994	8069	
2161.0346	8913	
2161.2132	2588	
2161.3690	10892	
2161.5464	3237	
2161.7035	10582	
2161.8805	2534	
2162.0378	8339	
2162.3719	5511	
2162.7081	4041	
2163.0471	3421	
2163.3830	4095	
2163.5437	2340	
2163.7150	5295	
2163.8773	3903	
2164.0478	6055	
2164.2111	3707	
2164.3809	5334	
2164.5450	2748	
2164.7139	3656	
2165.0457	2553	
2166.0418	2795	
2166.3747	4686	
2166.7084	6384	
2167.0433	6642	
2167.3808	7435	
2167.7197	11270	
2168.0555	16613	
2168.3904	18758	
2168.7240	18605	
2169.0578	14668	
2169.3914	10498	
2169.7251	6578	
2170.0586	4261	
2170.3948	2877	
2170.7338	2856	
2170.8872	2160	
2171.0670	3130	
2171.2211	2652	
2171.4007	3393	
2171.5557	2513	
2171.7302	3997	
2172.0557	7921	
2172.3876	13349	
2172.7179	70536	
2173.0512	159642	
2173.2204	2429	
2173.3852	216135	
2173.5531	3547	
2173.7193	238477	
2173.8884	3782	
2174.0530	192575	
2174.2206	3064	
2174.3871	135299	
2174.5548	2590	
2174.7208	89444	
2174.8857	2129	
2175.0552	48479	
2175.3896	26479	
2175.7253	14487	
2176.0617	8891	
2176.3979	5222	
2176.7295	3334	
2177.0617	2390	
2177.3915	2013	
2177.7241	2700	
2178.0545	5345	
2178.3867	8671	
2178.7185	11123	
2179.0516	11743	
2179.3846	10416	
2179.7175	8564	
2180.0496	8616	
2180.3834	10315	
2180.7170	11560	
2180.8970	2172	
2181.0517	10394	
2181.3857	8883	
2181.7201	6180	
2182.0570	4550	
2182.3962	3560	
2182.7337	4110	
2183.0674	4566	
2183.2282	2505	
2183.3997	5037	
2183.5620	2505	
2183.7326	4447	
2184.0651	3101	
2184.3953	2324	
2185.3881	2853	
2185.7231	4890	
2186.0554	5772	
2186.3906	6601	
2186.7293	7145	
2187.0698	10802	
2187.4059	14007	
2187.7404	16494	
2188.0745	16554	
2188.4085	13211	
2188.7416	9603	
2189.0752	5958	
2189.4089	3908	
2189.7449	2451	
2190.0839	2351	
2190.4238	2561	
2190.7573	2408	
2191.0811	3140	
2191.4063	7421	
2191.7384	13113	
2192.0684	63728	
2192.4022	145450	
2192.7361	206145	
2192.9064	2303	
2193.0698	214492	
2193.2376	2488	
2193.4040	176523	
2193.5731	2280	
2193.7377	132095	
2193.9034	2095	
2194.0715	79797	
2194.4059	46721	
2194.7405	25424	
2195.0758	13876	
2195.4113	8531	
2195.7478	5002	
2196.0803	3135	
2196.4091	2274	
2196.6900	2293	
2197.0255	2321	
2197.0706	2400	
2197.4025	4847	
2197.7354	8031	
2198.0684	10239	
2198.4018	11139	
2198.7350	10066	
2199.0679	8486	
2199.4001	8725	
2199.7325	10525	
2200.0666	11662	
2200.4006	12115	
2200.7348	9376	
2201.0692	6873	
2201.4057	4934	
2201.7457	3755	
2202.0828	3707	
2202.4174	3785	
2202.7513	3809	
2203.0835	3229	
2203.4144	2575	
2203.7449	2005	
2204.7336	2735	
2205.0691	4564	
2205.4037	5881	
2205.7379	6281	
2206.0767	7199	
2206.4177	9035	
2206.7560	12429	
2207.0901	13810	
2207.4246	12805	
2207.7587	10680	
2208.0915	7397	
2208.4249	4985	
2208.7588	3401	
2209.0944	2188	
2210.0368	2366	
2210.3734	2399	
2210.4272	2660	
2210.7557	6514	
2211.0891	12368	
2211.4196	58296	
2211.7530	129190	
2212.0869	180964	
2212.4209	200013	
2212.7547	167942	
2213.0884	114560	
2213.4226	76971	
2213.7564	44103	
2214.0911	23087	
2214.4266	13245	
2214.7619	7371	
2215.0974	4862	
2215.4305	3056	
2215.7039	2725	
2216.0363	3468	
2216.3716	3775	
2216.7474	4293	
2217.0841	7481	
2217.4182	9454	
2217.7517	10475	
2218.0855	9826	
2218.4181	8383	
2218.7501	9153	
2219.0828	12134	
2219.4160	14148	
2219.7499	14268	
2220.0846	10745	
2220.4182	8250	
2220.7535	5784	
2221.0922	4167	
2221.4303	3461	
2221.7664	3222	
2222.1008	2954	
2222.4321	2489	
2222.7619	2130	
2224.0801	3040	
2224.4156	5000	
2224.7509	6571	
2225.0852	6936	
2225.4226	7071	
2225.7658	8662	
2226.1041	10237	
2226.4397	11751	
2226.7740	10617	
2227.1071	8588	
2227.4402	6167	
2227.7736	4477	
2228.1050	2741	
2229.0533	2077	
2229.3859	2785	
2229.7221	2927	
2230.1043	6131	
2230.4398	12312	
2230.7704	51627	
2231.1039	117724	
2231.4377	163121	
2231.7716	173952	
2232.1057	155053	
2232.4392	112930	
2232.7730	68671	
2233.1075	40668	
2233.4418	22975	
2233.7765	13162	
2234.1127	7420	
2234.4458	4496	
2234.7290	2553	
2234.7781	2921	
2235.0531	3586	
2235.3856	5005	
2235.7210	5185	
2236.0627	4514	
2236.4313	6900	
2236.7672	9094	
2237.1014	9678	
2237.4358	9639	
2237.7685	8555	
2238.1001	9994	
2238.4330	13102	
2238.7661	15915	
2239.1003	16722	
2239.4337	13672	
2239.7673	10335	
2240.1027	6651	
2240.4377	4719	
2240.7759	3617	
2241.1143	2885	
2241.4469	2477	
2241.7788	2198	
2243.4289	3454	
2243.7645	5828	
2244.0980	7995	
2244.4323	8477	
2244.7686	8001	
2245.1098	7667	
2245.4517	9405	
2245.7869	9187	
2246.1212	8286	
2246.4554	7140	
2246.7871	5099	
2247.1198	3461	
2247.4495	2229	
2248.4015	2295	
2248.7352	3154	
2249.0718	3294	
2249.4528	5670	
2249.7898	11632	
2250.1210	46896	
2250.4549	107408	
2250.7886	154886	
2251.1225	161197	
2251.4565	137936	
2251.7901	103826	
2252.1238	66700	
2252.4577	37609	
2252.7919	20753	
2253.1272	12068	
2253.4614	6762	
2253.7951	4194	
2254.0772	3055	
2254.4032	5149	
2254.7365	6691	
2255.0701	7187	
2255.4079	6685	
2255.7751	6442	
2256.1159	8827	
2256.4513	9228	
2256.7845	9244	
2257.1188	8232	
2257.4501	10074	
2257.7830	14951	
2258.1168	17297	
2258.4500	17807	
2258.7842	15588	
2259.1173	11384	
2259.4512	7964	
2259.7864	4670	
2260.1220	3463	
2260.4590	2688	
2262.7767	4003	
2263.1125	6609	
2263.4467	8844	
2263.7808	9391	
2264.1149	8544	
2264.4546	7614	
2264.7952	6903	
2265.1328	7080	
2265.4667	6704	
2265.7986	5244	
2266.1308	3981	
2266.4609	2594	
2267.7507	2723	
2268.0841	3275	
2268.4212	3853	
2268.8003	5223	
2269.1394	10049	
2269.4718	40300	
2269.8055	89720	
2270.1394	128070	
2270.4733	135504	
2270.8071	118606	
2271.1410	87613	
2271.4746	57076	
2271.8080	35099	
2272.1421	18007	
2272.4764	10259	
2272.8113	6141	
2273.1429	3588	
2273.4220	4071	
2273.7533	6661	
2274.0865	9089	
2274.4209	9736	
2274.7566	9134	
2275.0975	7384	
2275.4622	7390	
2275.7998	8591	
2276.1337	8238	
2276.4678	7442	
2276.8000	8946	
2277.1330	13561	
2277.4667	15681	
2277.8003	15869	
2278.1347	14205	
2278.4671	10612	
2278.8012	7218	
2279.1346	4501	
2279.4687	3131	
2281.0882	2249	
2281.4242	2233	
2281.7650	2152	
2282.1214	3869	
2282.4605	6617	
2282.7955	8223	
2283.1288	9025	
2283.4633	8656	
2283.7975	7249	
2284.1344	6027	
2284.4717	5188	
2284.8068	4689	
2285.1381	3886	
2285.4692	2939	
2285.8000	2174	
2286.7651	2118	
2287.0975	2977	
2287.4330	4110	
2287.7687	4206	
2288.1095	4110	
2288.4879	7040	
2288.8221	27661	
2289.1565	61658	
2289.4902	92149	
2289.8243	98941	
2290.1580	89122	
2290.4916	64912	
2290.8247	42220	
2291.1585	25753	
2291.4922	13213	
2291.8257	7455	
2292.1593	4512	
2292.4827	2383	
2292.7714	5097	
2293.1033	9248	
2293.4371	13587	
2293.7713	14121	
2294.1055	12864	
2294.4422	9998	
2294.7812	7781	
2295.1409	5975	
2295.4792	6224	
2295.8152	5275	
2296.1485	6413	
2296.4831	9581	
2296.8165	11886	
2297.1508	12035	
2297.4838	10229	
2297.8173	7552	
2298.1497	5159	
2298.4818	3630	
2298.8094	2202	
2299.1060	2005	
2299.4353	2102	
2299.7660	2050	
2300.1004	2472	
2300.4329	3365	
2300.7687	3941	
2301.1030	3995	
2301.4501	3163	
2301.8053	5285	
2302.1427	6750	
2302.4769	7294	
2302.8098	6736	
2303.1407	5909	
2303.4703	5266	
2303.7985	4800	
2304.1327	3972	
2304.4660	3039	
2304.8020	2376	
2306.1075	2528	
2306.4431	3517	
2306.7799	4646	
2307.1162	4783	
2307.4529	4845	
2307.7933	3891	
2307.8235	3621	
2308.1724	16568	
2308.5066	36182	
2308.8409	55322	
2309.1748	56577	
2309.5083	49625	
2309.8421	36616	
2310.1752	24061	
2310.5086	14774	
2310.8407	8518	
2311.1735	4702	
2311.5006	2883	
2311.7924	2728	
2312.1210	6303	
2312.4547	12727	
2312.7881	17240	
2313.1220	19908	
2313.4556	17352	
2313.7902	13779	
2314.1255	9805	
2314.4614	7045	
2314.8015	4488	
2315.1499	3213	
2315.4927	3908	
2315.8305	5199	
2316.1652	5826	
2316.4994	6244	
2316.8323	4952	
2317.1648	4039	
2317.4941	2818	
2317.8157	2051	
2318.1228	2207	
2318.4508	2366	
2318.7832	2457	
2319.1157	2471	
2319.4491	3105	
2319.7827	4445	
2320.1168	5427	
2320.4515	5688	
2320.7873	5222	
2321.1318	3800	
2321.4836	4036	
2321.8214	4441	
2322.1532	4090	
2322.4818	4246	
2322.8097	4130	
2323.1410	3926	
2323.4725	3327	
2323.8046	2673	
2325.1190	2138	
2325.4523	3072	
2325.7895	3943	
2326.1267	4629	
2326.4635	4941	
2326.7985	4461	
2327.1331	4109	
2327.5196	6731	
2327.8567	15102	
2328.1910	21504	
2328.5248	24482	
2328.8586	20902	
2329.1917	16568	
2329.5239	10630	
2329.8554	7253	
2330.1859	4151	
2330.5134	2554	
2330.8151	2036	
2331.1402	2679	
2331.4722	6718	
2331.8052	14140	
2332.1394	20593	
2332.4726	22654	
2332.8065	20832	
2333.1399	16661	
2333.4742	12026	
2333.8080	7949	
2334.1427	5212	
2334.4764	3456	
2334.8141	2422	
2335.5057	2055	
2337.1418	2115	
2337.4718	2316	
2337.8010	2509	
2338.1323	2416	
2338.4656	2603	
2338.7983	3194	
2339.1321	4779	
2339.4668	5535	
2339.8001	6135	
2340.1356	5228	
2340.4704	4166	
2340.8099	3232	
2341.1524	2566	
2341.4899	2525	
2341.8230	2730	
2342.1550	2827	
2342.4859	2775	
2342.8196	2444	
2344.4640	2470	
2344.8001	3258	
2345.1350	3787	
2345.4714	3721	
2345.8077	3804	
2346.1432	3331	
2346.4772	3179	
2346.8108	2637	
2347.1483	2404	
2347.2014	3448	
2347.5386	4684	
2347.8729	5595	
2348.2055	4895	
2348.5363	4504	
2348.8635	3614	
2349.1942	3034	
2349.5225	2385	
2350.4902	2167	
2350.8221	5659	
2351.1558	12478	
2351.4897	17964	
2351.8235	20839	
2352.1570	18462	
2352.4906	15520	
2352.8235	10185	
2353.1568	7161	
2353.4896	4257	
2353.8225	2876	
2356.8162	2055	
2357.1491	2233	
2357.4812	2344	
2357.8135	2225	
2358.1479	2754	
2358.4818	3679	
2358.8166	4604	
2359.1502	4976	
2359.4845	4392	
2359.8179	3453	
2360.1532	2591	
2363.8088	2076	
2364.1448	2671	
2364.4807	3108	
2364.8159	2976	
2365.1515	2717	
2365.4852	2407	
2365.8163	2145	
2368.5338	2036	
2370.1715	3723	
2370.5061	7392	
2370.8403	11117	
2371.1739	12137	
2371.5077	12113	
2371.8408	9357	
2372.1741	6875	
2372.5060	4399	
2372.8385	2858	
2374.7907	2192	
2375.1231	2445	
2375.4573	2180	
2378.1644	2497	
2378.4990	2450	
2378.8317	2317	
2389.8548	3401	
2390.1893	4908	
2390.5244	5632	
2390.8569	5184	
2391.1907	4246	
2391.5214	3120	
2391.8520	2070	
2393.8048	2002	
2394.1394	2760	
2394.4714	2816	
2394.8049	2786	
2395.1390	2625	
2395.4727	2116	
2413.4886	2495	
2413.8226	2883	
2414.1557	2768	
2414.4893	2319	
2433.1733	2078