56.05002419 0.8030329395
72.0085533 1.345721938
74.00644513 4.859331013
74.02420337 8.857142876
76.02209519 0.8362694454
76.03985343 3.423574889
86.06058888 0.8134986891
102.0555035 1.315896843
131.0279088 0.717049373
159.059209 1.72946405
175.0177381 0.8644452603
177.0333881 13.92519769
179.0490382 2.275170252
189.0697737 1.017063128
205.0646883 4.118044093
216.0806727 1.724554378
228.0984309 2.811601776
231.0439528 0.5969410679
233.0596029 1.603945261
244.0755873 1.983710839
245.0596029 1.651535231
256.0933455 0.7811934384
257.0773611 0.5954000422
260.0705019 1.004945643
262.086152 14.64224287
264.1018021 1.421776266
273.0545175 1.747044265
274.1039102 2.604027848
290.0810666 5.103188349
291.0650822 3.576149657
308.0916313 11.25084059